0 0.030839 0.142887 0.024214 0.019189
0 0.034265 0.612836 0.039291 0.042146
0 0.031067 0.745271 0.039291 0.023300
0 0.037235 0.896724 0.034265 0.031524
0 0.477659 0.990680 0.036093 0.018640
0 0.480857 0.875137 0.025128 0.022615
0 0.470806 0.752981 0.039748 0.044202
0 0.479943 0.495306 0.026955 0.025699
0 0.469207 0.366297 0.029240 0.021930
0 0.459613 0.242256 0.024671 0.022615
0 0.466009 0.120785 0.037463 0.027755
0 0.864401 0.328433 0.022844 0.022272
0 0.870504 0.422509 0.028045 0.026376
0 0.879630 0.564904 0.026709 0.021368
0 0.898549 0.821648 0.021813 0.023371
0 0.901220 0.910791 0.030716 0.024706