0 0.133500 0.149500 0.051000 0.051000
0 0.526500 0.285500 0.037000 0.055500
0 0.902167 0.366750 0.035667 0.046000
0 0.923667 0.253875 0.044000 0.033750
0 0.867000 0.731375 0.048667 0.035750
0 0.479667 0.740375 0.036000 0.041750
0 0.088500 0.735625 0.040333 0.032250
0 0.094333 0.607125 0.075333 0.025250
0 0.536500 0.167875 0.032333 0.024250
0 0.546000 0.040250 0.046000 0.046000
0 0.898500 0.470000 0.042333 0.035500
0 0.862000 0.855250 0.052667 0.043000
0 0.846333 0.944625 0.048000 0.038750
0 0.465833 0.873250 0.047667 0.029500
0 0.449167 0.987000 0.068333 0.026000
0 0.487333 0.647625 0.031333 0.020750