0 0.100667 0.093500 0.031333 0.044000
0 0.100833 0.221625 0.032333 0.031750
0 0.093333 0.440750 0.049333 0.052000
0 0.080333 0.907375 0.056667 0.022750
0 0.490667 0.923125 0.030667 0.015250
0 0.494000 0.556000 0.029333 0.048500
0 0.498333 0.443000 0.023333 0.019500
0 0.495833 0.323250 0.036333 0.045500
0 0.509167 0.229375 0.033000 0.020750
0 0.514500 0.089125 0.030333 0.020750
0 0.892333 0.047750 0.038667 0.025500
0 0.887167 0.167500 0.057000 0.044500
0 0.888000 0.277625 0.021333 0.019250
0 0.884167 0.510750 0.033000 0.028000
0 0.880833 0.622750 0.031667 0.042000
0 0.882167 0.724875 0.031667 0.032750
0 0.873500 0.987125 0.039667 0.025750