0 0.111167 0.078875 0.038333 0.015750
0 0.120833 0.221125 0.029000 0.024250
0 0.105000 0.350250 0.034000 0.046000
0 0.106833 0.485125 0.031000 0.030750
0 0.097167 0.718250 0.050333 0.053000
0 0.517000 0.841000 0.032667 0.052000
0 0.523000 0.716375 0.023333 0.024250
0 0.521667 0.594250 0.037333 0.047500
0 0.536833 0.493500 0.036333 0.019500
0 0.544667 0.347250 0.030000 0.023500
0 0.547833 0.214125 0.037667 0.032250
0 0.957000 0.049875 0.061333 0.034250
0 0.951167 0.189875 0.024333 0.023750
0 0.950833 0.296000 0.047000 0.021000
0 0.941667 0.429750 0.060000 0.052000
0 0.941667 0.544875 0.025333 0.022250
0 0.932167 0.793250 0.033000 0.031500
0 0.928167 0.911125 0.033667 0.046250