0 0.045333 0.205000 0.034000 0.029500
0 0.042167 0.306000 0.033000 0.013000
0 0.057167 0.447125 0.026333 0.019750
0 0.041667 0.577375 0.038000 0.046750
0 0.046500 0.712125 0.031667 0.031250
0 0.045000 0.949625 0.052667 0.056750
0 0.473000 0.937000 0.022667 0.025500
0 0.468167 0.817000 0.038333 0.048000
0 0.480667 0.709750 0.037333 0.027500
0 0.482833 0.564000 0.031667 0.021000
0 0.481833 0.437750 0.039667 0.031500
0 0.462833 0.181000 0.034333 0.032000
0 0.475167 0.067250 0.015667 0.024500
0 0.881167 0.023000 0.024333 0.018000
0 0.879333 0.271625 0.059333 0.033250
0 0.875333 0.407875 0.027333 0.022250
0 0.881833 0.510875 0.047000 0.018750
0 0.877333 0.645375 0.058667 0.052750
0 0.882833 0.757375 0.023000 0.021750
0 0.879500 0.994500 0.033000 0.011000