0 0.058500 0.039625 0.032333 0.022250
0 0.051667 0.174125 0.040000 0.043250
0 0.053167 0.430625 0.039667 0.025750
0 0.044500 0.526125 0.039000 0.018750
0 0.053000 0.674875 0.027333 0.021750
0 0.035833 0.809125 0.037667 0.049250
0 0.034833 0.949375 0.031667 0.022250
0 0.482000 0.954000 0.038667 0.029000
0 0.487333 0.802125 0.030667 0.025750
0 0.488500 0.667625 0.039667 0.033750
0 0.477000 0.412500 0.030000 0.031500
0 0.493167 0.296375 0.012333 0.024750
0 0.489333 0.029500 0.033333 0.016500
0 0.481833 0.157250 0.023667 0.014500
0 0.903500 0.115750 0.040333 0.043000
0 0.906167 0.246875 0.024333 0.016250
0 0.901000 0.502875 0.060667 0.033750
0 0.898667 0.642125 0.026667 0.021750