0 0.061678 0.085835 0.037463 0.023643
0 0.069444 0.230606 0.034722 0.030839
0 0.070587 0.335629 0.025128 0.022272
0 0.067389 0.475432 0.037007 0.043517
0 0.076983 0.731908 0.036093 0.022615
0 0.071957 0.828879 0.036093 0.023986
0 0.088176 0.976734 0.025585 0.022272
0 0.526773 0.966112 0.042946 0.035293
0 0.501873 0.706894 0.031524 0.034951
0 0.515122 0.586451 0.012336 0.026384
0 0.500959 0.450247 0.024214 0.015762
0 0.500046 0.325007 0.032438 0.022272
0 0.500959 0.211760 0.026042 0.020559
0 0.490451 0.087377 0.042489 0.043174
0 0.919910 0.163617 0.021473 0.020902
0 0.920824 0.250994 0.034265 0.022958
0 0.916255 0.399191 0.038834 0.039062
0 0.924022 0.526316 0.025128 0.016447
0 0.934759 0.785704 0.059393 0.033580
0 0.936358 0.925507 0.026042 0.023300